[00]
[0A]
[0D][0A][0D][55][2D][42][6F][6F][74][20][32][30][30][39][2E][30][38][2D][64][69][72][74][79][20][28][4A][75][6E][20]
[32][35][20][32][30][31][33][20][2D][20][31][31][3A][34][35][3A][30][38][29][0A][0D][0A][0D][43][50][55][3A][20][46][72][65][65]
[73][63][61][6C][65][20][69][2E][4D][58][36][20][66][61][6D][69][6C][79][20][54][4F][31][2E][31][20][61][74][20][37][39][32][20][4D][48][7A]
[0A][0D]
[54]
[65][6D][70][65][72][61][74][75][72][65][3A][20][20][20][36][35][20][43][2C][20][63][61][6C][69][62][72][61][74][69][6F][6E][20][64][61][74][61][20][30][78]
[35][39][39][35][30][65][36][39][0A][0D][6D][78][36][71][20][70][6C][6C]
[31][3A][20][37][39][32][4D][48][7A][0A][0D][6D][78][36][71][20][70][6C][6C][32][3A][20][35][32][38][4D][48][7A][0A][0D]
[6D][78][36][71][20][70][6C][6C][33][3A][20][34][38][30][4D][48][7A][0A][0D][6D]
[78][36][71][20][70][6C][6C][38][3A]
[20][35][30][4D][48][7A][0A][0D][69][70][67][20][63][6C]
[6F][63][6B][20][20][20][20][20][3A][20][36][36][30][30][30][30][30][30][48][7A]
[0A][0D][69][70][67][20][70][65][72][20][63][6C]
[6F][63][6B][20][3A][20][36][36][30]
[30][30][30][30][30][48][7A]
[0A][0D][75][61][72][74][20][63][6C][6F][63][6B][20][20][20][20][3A][20][38]
[30][30][30][30][30][30][30][48][7A][0A]
[0D][63][73][70][69][20][63][6C][6F][63][6B][20][20][20][20][3A][20][36][30]
[30][30][30][30][30][30][48][7A][0A][0D][61]
[68][62][20][63][6C][6F][63][6B]
[20][20][20][20][20][3A][20][31][33]
[32][30][30][30][30][30][30][48][7A][0A][0D][61]
[78][69][20][63][6C][6F][63][6B][20][20][20][3A][20][31][39][38][30][30][30][30][30][30][48][7A][0A][0D][65][6D][69][5F]
[73][6C][6F][77][20][63][6C][6F][63][6B][3A][20][39][39][30][30][30][30][30][30]
[48][7A][0A][0D][64][64][72][20][63][6C][6F][63][6B][20][20][20][20][20][3A]
[20][33][39][36][30][30][30][30][30][30][48][7A][0A][0D][75][73][64]
[68][63][31][20][63][6C][6F][63][6B][20][20][3A][20][31][39][38][30]
[30][30][30][30][30][48][7A][0A][0D][75][73][64][68][63][32][20][63]
[6C][6F][63][6B][20][20][3A][20][31][39][38][30][30][30][30][30][30][48]
[7A][0A][0D][75][73][64][68][63][33][20][63][6C][6F][63][6B][20][20][3A]
[20][31][39][38][30][30][30][30][30][30][48][7A][0A][0D][75][73]
[64][68][63][34][20][63][6C][6F][63][6B][20][20][3A][20]
[31][39][38][30][30][30][30][30][30][48][7A]
[0A][0D][6E][66][63][20][63][6C][6F][63]
[6B][20][20][20][20]
[20][3A][20][32][34][30]
[30][30][30][30]
[30][48][7A][0A][0D][42][6F][61]
[72][64][3A][20][69]
[2E][4D][58][36][44]
[4C][2F][53][6F][6C]
[6F][2D][53][41][42][52]
[45][53][44][3A][20][75]
[6E][6B][6E][6F][77][6E]
[2D][62][6F][61][72]
[64][20][42][6F][61][72][64][3A]
[20][30][78][36][31][30][31]
[31][20][5B][50][4F][52]
[20][5D][0A][0D][42][6F][6F][74][20]
[44][65][76][69][63][65][3A][20][4D]
[4D][43][0A][0D][49][32][43][3A][20]
[20][20][72][65][61]
[64][79][0A][0D][44][52][41][4D][3A][20][20][20]
[31][20][47][42][0A][0D]
[4D]
[4D][43][3A][20][20][20][46][53][4C][5F][55][53][44]
[48][43][3A][20][30][2C][46][53][4C][5F][55][53][44][48][43][3A][20][31][2C][46][53][4C][5F][55][53][44][48][43][3A][20][32][2C][46][53][4C][5F][55][53][44][48][43][3A][20][33][0A][0D]
[2A]
[2A][2A][20][57][61][72][6E][69][6E][67][20][2D][20][62][61][64][20]
[43][52][43][20][6F][72][20][4D][4D][43][2C][20][75][73][69][6E][67][20][64][65][66][61][75][6C][74][20][65]
[6E][76][69][72][6F][6E][6D][65][6E][74][0A][0D][0A][0D]
[49]
[6E][3A][20][20][20][20][73][65][72][69][61][6C][0A][0D][4F][75][74][3A][20][20][20][73][65][72][69][61][6C][0A][0D][45][72][72]
[3A][20][20][20][73][65][72][69][61][6C][0A][0D]
[46]
[6F][75][6E][64][20][50][46][55][5A][45][31][30][30][21][20][64][65][76]
[69][63][65][69][64][3D][31][30][2C][72][65][76][69][64][3D][31][31][0A][0D]
[4E]
[65][74][3A][20][20][20]
[67][6F][74][20][4D][41][43][20][61][64][64]
[72][65][73][73][20][66][72][6F][6D][20][49][49][4D][3A][20][30][30][3A][30][30][3A][30][30][3A][30][30][3A][30][30][3A][30][30][0A][0D]
[46][45][43][30][20][5B][50][52][49][4D][45][5D][0A]
[0D][48][69][74][20][61][6E][79][20][6B][65][79][20][74]
[6F][20][73][74][6F][70][20][61][75][74][6F][62][6F][6F][74][3A][20]
[20][33][20]
[08]
[08][08][20][32][20]
[08]
[08][08][20][31][20]
[08]
[08][08][20][30][20][0A][0D]
[6B]
[65][72][6E][65][6C][20][20][20][40][20][31][30][38][30][38][30][30][30][20][28][34][30][33][30][34][32][34][29]
[0A][0D][72][61][6D][64][69][73][6B][20][20][40][20][31][31][38][30][30][30][30][30][20][28][31][36][37][37][39][36][29][0A]
[0D][6B][65][72][6E][65][6C][20][63][6D][64][6C][69][6E][65][3A][20][0A][0D][09][75][73][65][20][62][6F][6F][74][2E][69][6D][67][20][63][6F][6D][6D][61][6E][64][20][6C][69][6E][65][3A][0A][0D][09][63][6F]
[6E][73][6F][6C][65][3D][74][74][79][6D][78][63][30][2C][31][31][35][32][30][30][20][61][6E][64][72][6F][69]
[64][62][6F][6F][74][2E][63][6F][6E][73][6F][6C][65][3D][74][74][79][6D][78][63][30][20][76][6D]
[61][6C][6C][6F][63][3D][34][30][30][4D][20][69][6E][69][74][3D][2F][69][6E][69][74][20][76]
[69][64][65][6F][3D][6D][78][63][66][62][30][3A][64][65][76][3D][68][64][6D][69][2C][31]
[39][32][30][78][31][30][38][30][4D][40][36][30][2C][69][66][3D][52][47][42][32][34][2C][62]
[70][70][3D][33][32][20][76][69][64][65][6F][3D][6D][78][63][66][62][31][3A][6C][63][64][20]
[76][69][64][65][6F][3D][6D][78][63][66][62][32][3A][6C][64][62][20][66][62][6D][65][6D][3D][32][38][4D][20][0A][0D][0A]
[0D][53][74][61][72][74][69][6E][67][20][6B][65][72][6E][65][6C][20][2E][2E][2E][0A][0D][0A][0D]
[55][6E][63][6F][6D][70][72][65][73][73][69][6E][67][20][4C][69][6E][75][78][2E][2E][2E]
[20]
[64][6F][6E][65][2C][20][62][6F][6F][74][69][6E][67][20][74][68][65][20][6B][65][72][6E][65][6C][2E][0D][0A]
[49]
[6E][69][74][69][61][6C][69][7A][69][6E][67][20][63][67][72][6F][75][70][20][73][75][62][73][79][73][20][63][70][75][73][65][74][0D][0A][49]
[6E][69][74][69][61][6C][69][7A][69][6E][67][20][63][67][72][6F][75][70][20][73][75][62][73][79][73][20][63][70][75][0D][0A][4C][69][6E][75][78][20][76][65][72][73][69][6F]
[6E][20][33][2E][30][2E][33][35][2D][67][37][30][36][34][37][31][30][2D][64][69][72][74][79]
[20][28][63][68][61][73][65][63][68][61][6E][67][40][63][68][61][73][65][63][68][61]
[6E][67][2D][4B][35][33][53][56][29][20][28][67][63][63][20][76][65][72][73][69][6F][6E]
[20][34][2E][34][2E][33][20][28][47][43][43][29][20][29][20][23][31][20][53][4D][50][20][50][52][45][45][4D][50][54][20][57][65][64][20][4A][75][6C][20][33][20][31][34][3A][32][33][3A][31][33][20]
[43][53][54][20][32][30][31][33][0D][0A][43][50][55][3A][20][41][52][4D][76][37][20][50][72][6F][63][65][73][73][6F]
[72][20][5B][34][31][32][66][63][30][39][61][5D][20][72][65][76][69][73][69][6F][6E][20][31]
[30][20][28][41][52][4D][76][37][29][2C][20][63][72][3D][31][30][63][35][33][63]
[37][64][0D][0A][43][50][55][3A][20][56][49][50][54][20][6E][6F][6E][61][6C][69]
[61][73][69][6E][67][20][64][61][74][61][20][63][61][63][68][65][2C]
[20][56][49][50][54][20][61][6C][69][61][73]
[69][6E][67][20][69][6E][73][74][72]
[75][63][74][69][6F][6E][20][63][61][63]
[68][65][0D][0A][4D][61][63][68][69][6E][65]
[3A][20][46][72][65][65][73][63][61][6C][65][20]
[69][2E][4D][58][20][36][51][75][61][64][2F][44][75][61][6C][4C][69][74]
[65][2F][53][6F][6C][6F][20]
[53][61][62][72][65][2D][53][44][20][42][6F][61][72][64][0D][0A]
[4D][65][6D][6F][72][79][20][70][6F][6C][69]
[63][79][3A][20][45][43][43][20][64][69][73][61]
[62][6C][65][64][2C][20][44][61][74][61][20][63][61]
[63][68][65][20][77][72][69][74][65][61][6C]
[6C][6F][63][0D][0A][43][50][55][20][69][64][65]
[6E][74][69][66][69][65][64][20][61][73][20]
[69][2E][4D][58][36][44][4C][2F][53][4F][4C][4F]
[2C][20][73][69][6C][69][63][6F][6E][20][72]
[65][76][20][31][2E][31][0D][0A][50][45][52][43]
[50][55][3A][20][45][6D][62]
[65][64][64][65][64][20][37][20][70]
[61][67][65][73][2F][63][70][75][20]
[40][63][63][30][30][39][30][30][30][20][73][35][37][39][32][20]
[72][38][31][39][32][20][64][31][34]
[36][38][38][20][75][33][32][37][36][38][0D][0A]
[42][75][69][6C][74][20][31][20][7A][6F][6E]
[65][6C][69][73][74][73][20][69][6E][20][5A][6F]
[6E][65][20][6F][72][64][65][72][2C]
[20][6D][6F][62][69][6C][69]
[74][79][20][67][72][6F][75]
[70][69][6E][67][20][6F][6E][2E]
[20][20][54][6F][74][61][6C][20][70][61]
[67][65][73][3A][20][32][30]
[33][37][37][36][0D][0A]
[4B][65][72]
[6E][65][6C][20][63]
[6F][6D][6D][61]
[6E][64][20][6C][69][6E][65][3A]
[20][63][6F][6E]
[73][6F][6C][65]
[3D][74][74][79][6D]
[78][63]
[30][2C][31][31][35][32]
[30][30][20][61][6E][64]
[72][6F]
[69][64][62][6F][6F]
[74][2E][63][6F]
[6E][73][6F][6C][65]
[3D][74][74][79][6D][78][63]
[30][20][76][6D]
[61][6C][6C][6F][63]
[3D][34]
[30][30][4D][20][69][6E][69][74][3D]
[2F][69][6E][69][74][20][76]
[69][64][65][6F][3D][6D][78]
[63][66][62][30][3A][64][65][76][3D][68][64][6D]
[69][2C][31][39][32][30][78][31]
[30][38][30][4D][40][36][30][2C][69]
[66][3D][52][47][42][32]
[34][2C][62][70][70][3D][33][32]
[20][76][69]
[64][65][6F][3D][6D][78]
[63][66][62][31]
[3A][6C]
[63][64][20][76][69][64]
[65][6F][3D][6D]
[78][63][66][62]
[32][3A][6C][64]
[62][20][66][62][6D]
[65][6D]
[3D][32][38][4D][0D]
[0A][50][49][44]
[20][68][61][73][68][20][74][61][62][6C][65][20]
[65][6E][74][72][69][65][73]
[3A][20][32][30]
[34][38]
[20][28][6F][72][64][65][72]
[3A][20][31]
[2C][20][38][31]
[39][32][20][62]
[79][74][65]
[73][29][0D][0A][44][65]
[6E][74][72][79]
[20][63][61][63]
[68][65][20][68][61]
[73][68][20][74]
[61][62]
[6C][65][20][65][6E]
[74][72][69][65][73]
[3A][20][36][35][35][33][36]
[20][28][6F][72]
[64][65][72][3A][20][36][2C]
[20][32][36][32]
[31][34][34][20][62]
[79][74][65][73]
[29][0D][0A]
[49][6E][6F][64][65][2D][63]
[61][63][68][65]
[20][68][61][73][68]
[20][74][61][62]
[6C][65][20]
[65][6E][74][72]
[69][65][73][3A][20]
[33][32]
[37][36][38][20][28]
[6F][72][64][65]
[72][3A][20]
[35][2C]
[20][31][33][31][30]
[37][32][20]
[62]
[79][74][65][73][29][0D]
[0A][4D][65][6D][6F][72]
[79][3A][20][35][37][36]
[4D][42][20][32]
[32][38][4D]
[42][20][3D][20]
[38][30][34][4D][42][20]
[74][6F]
[74][61][6C][0D]
[0A][4D][65][6D][6F]
[72][79][3A][20][38][30][35]
[34][32][34][6B][2F]
[38][30][35][34][32]
[34][6B][20][61][76]
[61][69][6C]
[61][62][6C][65][2C][20][32]
[34][33][31]
[35][32][6B][20][72][65][73]
[65][72][76][65]
[64][2C][20][34]
[31][33][36]
[39][36][4B][20][68]
[69][67][68][6D][65][6D][0D][0A][56]
[69][72][74][75]
[61][6C][20][6B][65][72][6E]
[65][6C][20][6D][65]
[6D][6F][72][79][20][6C][61][79]
[6F][75][74][3A][0D][0A][20][20]
[20][20][76][65]
[63][74][6F][72][20]
[20][3A][20][30][78]
[66][66][66][66][30][30][30][30][20]
[2D][20][30][78][66][66]
[66][66][31][30][30][30][20]
[20][20][28]
[20][20][20][34]
[20][6B][42]
[29][0D][0A][20]
[20][20]
[20][66][69][78][6D]
[61][70][20][20][3A][20][30]
[78][66][66]
[66][30][30][30][30]
[30]
[20][2D][20][30][78]
[66][66]
[66][65][30]
[30][30]
[30][20][20][20][28][20][38]
[39][36][20][6B]
[42][29][0D][0A]
[20][20][20][20][44]
[4D][41][20]
[20][20][20][20]
[3A][20][30]
[78][66][34][36]
[30][30]
[30][30][30][20][2D]
[20][30][78]
[66][66]
[65][30][30][30][30]
[30][20][20]
[20][28][20]
[31][38][34][20]
[4D][42][29][0D][0A][20][20]
[20][20][76][6D][61][6C]
[6C][6F][63]
[20][3A][20]
[30][78][64][39][38][30][30]
[30][30][30][20]
[2D][20][30][78][66][32]
[30][30][30]
[30][30][30]
[20][20][20][28]
[20][33][39]
[32][20][4D]
[42][29][0D][0A]
[20][20][20][20][6C][6F][77]
[6D][65][6D][20][20][3A][20][30][78]
[63][30][30][30][30][30]
[30][30][20][2D][20][30][78][64][39][30]
[30][30][30][30][30][20][20][20][28][20]
[34][30][30][20][4D][42]
[29][0D][0A][20][20][20][20]
[70][6B][6D][61]
[70][20][20][20][3A][20][30]
[78][62][66][65]
[30][30][30][30][30][20]
[2D]
[20][30][78][63][30]
[30][30][30][30]
[30][30][20]
[20][20][28][20]
[20][20][32][20][4D]
[42][29][0D]
[0A][20][20][20][20]
[6D][6F][64][75][6C][65]
[73][20][3A][20][30][78][62]
[66][30][30]
[30][30][30][30]
[20][2D][20]
[30][78][62][66]
[65][30]
[30][30][30][30][20][20]
[20][28][20][20][31][34]
[20][4D][42][29][0D]
[0A][20][20][20]
[20][20][20][2E][69][6E][69][74]
[20][3A][20][30][78][63][30][30][30]
[38][30][30][30][20][2D]
[20][30]
[78][63][30][30]
[33][66][30][30]
[30][20][20]
[20][28]
[20][32][32][30]
[20][6B][42][29]
[0D][0A]
[20][20][20][20][20]
[20][2E][74]
[65][78][74]
[20][3A][20][30]
[78][63][30]
[30][33][66]
[30][30]
[30][20][2D][20]
[30][78][63][30]
[37][34][32]
[35][39]
[30][20][20][20]
[28][37][31][38]
[32][20][6B][42]
[29][0D][0A]
[20][20][20][20][20]
[20][2E][64]
[61][74][61][20]
[3A][20][30][78]
[63]
[30][37][34][34][30]
[30][30][20][2D]
[20][30][78]
[63][30]
[37][39][66][66][36][30][20][20][20]
[28][20][33][36][38]
[20][6B][42]
[29][0D][0A][20]
[20][20]
[20][20][20][20]
[2E][62][73][73][20]
[3A][20]
[30][78][63][30]
[37][39][66]
[66][38][34]
[20][2D][20][30][78][63][30]
[38][63][65][39]
[31][30][20][20][20][28]
[31][32][31][31][20][6B]
[42][29]
[0D][0A][50][72][65][65]
[6D][70][74]
[69][62][6C][65][20]
[68][69]
[65][72][61][72][63]
[68][69]
[63][61][6C][20][52]
[43][55][20][69]
[6D][70]
[6C][65][6D][65][6E]
[74][61][74][69][6F]
[6E][2E]
[0D][0A][4E][52][5F]
[49][52][51]
[53]
[3A][36][32][34][0D][0A]
[4D][58]
[43][20][47]
[50][49][4F][20][68][61]
[72][64][77]
[61][72][65]
[0D][0A]
[73][63][68][65][64]
[5F][63][6C][6F]
[63][6B]
[3A][20][33][32]
[20][62][69]
[74][73][20]
[61][74][20][33][30][30][30]
[6B][48][7A][2C]
[20][72]
[65][73][6F][6C][75]
[74][69][6F][6E][20]
[33][33][33][6E]
[73][2C][20][77]
[72][61][70]
[73][20][65][76][65]
[72][79][20][31]
[34][33][31]
[36][35]
[35][6D][73][0D][0A]
[53][65][74]
[20]
[70][65][72][69][70][68]
[5F][63][6C][6B]
[27][73][20][70][61][72][65]
[6E][74][20][74][6F][20]
[70][6C]
[6C][32][5F][70][66]
[64][5F][34][30][30]
[4D][21][0D][0A]
[61][72][6D]
[5F][6D][61][78]
[5F][66][72][65][71][3D][31]
[47][48][7A]
[0D]
[0A][4D][58][43][5F][45]
[61][72][6C][79][20][73]
[65][72][69][61][6C][20]
[63][6F][6E][73][6F]
[6C][65]
[20][61][74][20][4D]
[4D][49][4F]
[20][30]
[78][32][30][32]
[30][30][30]
[30][20][28]
[6F]
[70][74][69][6F][6E]
[73]
[20][27][31]
[31][35][32]
[30][30][27][29]
[0D][0A][62][6F][6F][74][63]
[6F][6E][73][6F][6C][65][20]
[5B][74][74][79][6D][78][63]
[30][5D][20][65][6E][61]
[62][6C][65][64][0D][0A]
[43][61][6C][69]
[62][72][61][74][69][6E]
[67][20][64][65][6C][61][79]
[20][6C][6F][6F]
[70][2E][2E]
[2E][20]
[31]
[35][38][31][2E][30][35][20][42][6F][67][6F][4D][49][50][53][20][28]
[6C][70][6A][3D][37][39][30][35][32][38][30][29][0D][0A]
[70][69][64][5F][6D][61][78][3A][20][64][65][66][61][75][6C][74][3A]
[20][33][32][37][36][38][20][6D][69][6E][69][6D][75][6D][3A][20][33][30]
[31][0D][0A][4D][6F][75][6E][74][2D][63][61][63][68][65][20]
[68][61][73][68][20][74][61][62][6C][65][20][65][6E][74][72][69][65][73][3A][20][35][31][32][0D][0A]
[49][6E][69][74][69][61][6C][69][7A][69][6E][67][20][63]
[67][72][6F][75][70][20][73][75][62][73][79][73][20][63][70]
[75][61][63][63][74][0D][0A][43][50][55][3A][20][54][65][73][74][69][6E][67]
[20][77][72][69][74][65][20][62][75][66][66][65][72][20][63][6F][68][65][72][65][6E][63][79][3A][20][6F][6B][0D][0A]
[68][77][20][70][65][72][66][65][76][65][6E][74][73][3A][20][65][6E][61][62][6C][65][64]
[20][77][69][74][68][20][41][52][4D][76][37][20][43][6F][72][74][65][78][2D][41][39][20][50][4D][55][20][64][72]
[69][76][65][72][2C][20][37][20][63][6F][75][6E][74][65][72][73][20][61][76][61][69][6C][61][62][6C][65][0D][0A]
[43]
[50][55][31][3A][20][42][6F][6F][74][65][64][20][73][65][63][6F][6E][64][61][72]
[79][20][70][72][6F][63][65][73][73][6F][72][0D][0A][42]
[72][6F][75][67][68][74][20][75][70][20][32][20]
[43][50][55][73][0D][0A][53][4D][50][3A][20][54][6F][74][61][6C][20]
[6F][66][20][32][20][70][72][6F][63][65][73][73][6F][72][73][20][61][63][74][69][76][61][74][65]
[64][20][28][33][31][36][32][2E][31][31][20][42][6F][67][6F][4D][49]
[50][53][29][2E][0D][0A]
[70]
[72][69][6E][74][5F][63][6F][6E][73][74][72][61][69][6E]
[74][73][3A][20][64][75][6D][6D][79][3A][20][0D][0A][4E][45][54][3A][20][52][65][67][69][73][74][65]
[72][65][64][20][70][72][6F][74][6F][63][6F][6C]
[20][66][61][6D][69][6C][79][20][31]
[36][0D][0A]
[70]
[72][69][6E][74][5F][63][6F][6E][73][74][72][61][69][6E][74][73][3A]
[20][76][64][64][70][75][3A][20][37][32][35][20][3C][2D][2D][3E][20][31][33][30]
[30][20][6D][56][20][61][74][20][37][30][30][20][6D][56][20][66]
[61][73][74][20][6E][6F][72][6D][61][6C][20][0D][0A][70][72][69][6E][74][5F]
[63][6F][6E][73][74][72][61][69][6E][74][73]
[3A][20][76][64][64][63][6F][72][65][3A][20]
[37][32][35][20][3C][2D][2D][3E]
[20][31][33][30][30][20][6D][56][20]
[61][74][20][31][31][35][30][20][6D]
[56][20][66][61][73][74][20][6E][6F]
[72][6D][61][6C][20][0D][0A]
[70][72][69][6E][74][5F][63][6F][6E][73][74][72][61][69]
[6E][74][73][3A][20][76][64][64][73][6F][63]
[3A][20][37][32][35][20][3C][2D][2D][3E][20][31]
[33][30][30][20][6D][56][20][61][74]
[20][31][32][30][30][20][6D][56][20][66][61][73]
[74][20][6E][6F][72][6D][61]
[6C][20][0D][0A]
[70][72][69][6E][74][5F]
[63][6F][6E][73][74][72]
[61][69][6E][74][73][3A][20][76][64][64][32]
[70][35][3A][20][32][30][30][30][20]
[3C][2D][2D][3E][20][32][37][37][35][20]
[6D][56][20][61][74][20][32][34][30][30][20]
[6D][56][20][66][61][73][74][20][6E][6F][72][6D]
[61][6C][20][0D][0A][70][72]
[69][6E][74][5F][63][6F][6E][73]
[74][72][61][69][6E][74][73][3A][20][76][64][64][31][70]
[31][3A][20][38][30][30][20][3C][2D]
[2D][3E][20][31][34][30][30][20][6D][56][20][61][74][20][31][31][30]
[30][20][6D][56][20][66][61][73][74][20][6E][6F][72][6D][61][6C]
[20][0D][0A][70]
[72][69][6E][74][5F][63][6F][6E][73]
[74][72][61][69][6E][74][73][3A]
[20][76][64][64][33][70][30][3A][20]
[32][36][32][35][20][3C][2D][2D][3E][20][33]
[34][30][30][20][6D][56][20][61]
[74][20][33][30][30][30][20][6D][56][20]
[66][61][73][74][20][6E][6F][72][6D][61][6C]
[20][0D][0A]
[63]
[70][75][20][72][65][67][75]
[6C][61][74][6F][72]
[20][6D][6F][64][65][3A]
[6C][64][6F][5F]
[65][6E][61][62][6C][65]
[0D][0A]
[68]
[77][2D][62][72][65][61][6B][70]
[6F][69][6E][74][3A][20][66][6F]
[75][6E][64][20][36][20][62]
[72][65][61][6B][70][6F]
[69][6E][74][20][61][6E][64]
[20][31][20][77]
[61][74][63][68][70][6F]
[69][6E][74][20]
[72][65][67][69][73][74]
[65][72][73][2E][0D][0A]
[68][77][2D][62][72][65]
[61][6B][70][6F][69][6E]
[74][3A][20][31][20][62]
[72][65][61][6B][70]
[6F][69][6E][74][28][73][29][20]
[72][65][73][65]
[72][76][65][64][20][66]
[6F][72][20][77][61]
[74][63][68]
[70][6F][69][6E][74]
[20][73][69][6E]
[67][6C][65][2D]
[73][74][65]
[70][2E][0D][0A]
[68][77][2D][62]
[72][65][61]
[6B][70][6F][69][6E]
[74][3A][20][6D]
[61][78][69]
[6D][75][6D][20]
[77][61][74][63][68]
[70][6F][69][6E][74][20][73]
[69][7A][65][20]
[69][73][20][34][20][62]
[79][74][65][73][2E]
[0D][0A][4C][33][31][30]
[20][63][61][63][68]
[65][20][63][6F][6E][74][72][6F]
[6C][6C][65][72]
[20][65][6E][61][62][6C][65]
[64][0D][0A][6C][32][78]
[30][3A][20][31][36]
[20][77][61][79][73]
[2C][20][43][41][43]
[48][45][5F][49][44][20]
[30][78][34][31][30][30][30]
[30][63][38][2C][20][41]
[55][58][5F][43][54][52]
[4C][20][30][78]
[30][32][30][35][30][30]
[30][30][2C][20][43][61]
[63][68][65][20]
[73][69][7A]
[65][3A][20][35][32][34]
[32][38][38][20]
[42][0D][0A]
[62]
[69][6F][3A][20][63][72][65][61][74]
[65][20][73][6C][61][62][20][3C][62][69]
[6F][2D][30][3E][20][61]
[74][20][30][0D][0A]
[70][72][69][6E][74][5F]
[63][6F][6E][73][74][72][61]
[69][6E][74][73][3A][20][56]
[44][44][41][3A][20][32][35][30]
[30][20][6D][56][20]
[0D][0A][70][72][69][6E][74][5F]
[63][6F][6E][73][74][72][61]
[69][6E][74][73][3A][20]
[56][44][44][49][4F][3A][20][33][33]
[30][30][20][6D][56][20][0D]
[0A][6D][61][63][68][69][6E][65][5F][63][6F][6E]
[73][74][72][61][69][6E]
[74][73][5F][76][6F][6C][74][61]
[67][65][3A][20][56][44][44][44]
[3A][20][75][6E][73]
[75][70][70][6F][72][74][61]
[62][6C][65][20][76][6F][6C]
[74][61][67][65][20][63][6F][6E]
[73][74][72][61][69][6E]
[74][73][0D][0A][72][65][67][2D][66][69][78]
[65][64][2D][76][6F][6C][74][61][67][65][20][72][65]
[67][2D][66][69][78][65][64][2D]
[76][6F][6C][74][61][67][65][2E]
[32][3A][20][46][61][69][6C][65]
[64][20][74][6F][20]
[72][65][67][69][73][74][65][72][20][72]
[65][67][75][6C][61]
[74][6F][72][3A][20][2D]
[32][32][0D][0A][72][65][67]
[2D][66][69][78]
[65][64][2D][76][6F][6C][74][61][67]
[65][3A][20][70][72][6F][62]
[65][20][6F][66][20][72][65]
[67][2D][66][69][78][65]
[64][2D][76][6F][6C][74]
[61][67][65][2E][32][20][66]
[61][69][6C][65]
[64][20][77][69][74][68][20][65][72]
[72][6F][72][20][2D][32][32]
[0D][0A][70]
[72][69][6E][74][5F][63][6F][6E][73][74]
[72][61][69][6E][74][73][3A][20][76][6D][6D][63][3A][20][33][33][30][30]
[20][6D][56][20][0D][0A]
[53]
[43][53][49][20][73][75][62][73]
[79][73][74][65][6D][20][69][6E][69]
[74][69][61][6C][69][7A]
[65][64][0D][0A]
[73][70][69][5F][69]
[6D][78][20][69][6D][78]
[36][71][2D][65][63][73][70]
[69][2E][30][3A][20][70]
[72][6F][62][65][64][0D]
[0A]
[75][73][62][63][6F][72]
[65][3A][20][72][65][67][69]
[73][74][65][72][65][64][20]
[6E][65][77][20][69][6E][74]
[65][72][66][61][63]
[65][20][64][72][69][76][65][72]
[20][75][73][62][66]
[73][0D][0A][75][73][62][63][6F]
[72][65][3A][20][72][65]
[67][69][73][74][65]
[72][65][64][20][6E]
[65][77][20][69][6E][74]
[65][72][66][61][63]
[65][20][64][72][69]
[76][65][72][20][68]
[75][62][0D][0A][75]
[73][62][63][6F][72]
[65][3A][20][72][65][67]
[69][73][74][65][72]
[65][64][20][6E][65][77]
[20][64][65]
[76][69][63][65][20][64][72][69]
[76][65][72][20]
[75][73][62][0D][0A][46][72]
[65][65][73][63]
[61][6C][65][20][55][53]
[42][20][4F][54][47][20]
[44][72][69][76][65]
[72][20][6C][6F][61]
[64][65][64][2C][20]
[24][52][65][76][69]
[73][69][6F][6E][3A]
[20][31][2E][35][35][20]
[24][0D][0A]
[6D]
[63][5F][70]
[66][75][7A][65][20][31][2D]
[30][30][30][38][3A]
[20][49][44][3A][20][30][2C]
[46][75][6C][6C]
[20][6C][61][79][3A][20]
[31][20][2C][4D][65][74]
[61][6C][20][6C]
[61][79][3A][20][31][0D]
[0A]
[6D][63][5F][70][66]
[75][7A][65][20][31][2D][30][30][30][38][3A][20]
[46][41][42][3A][20]
[30][20][2C][46][49][4E]
[3A][20][30][0D][0A]
[70]
[72][69][6E][74][5F][63]
[6F][6E][73][74][72][61][69]
[6E][74][73][3A][20][50][46]
[55][5A][45][31][30][30][5F][53][57]
[31][41][3A][20][33][30][30]
[20][3C][2D][2D][3E]
[20][31][38][37]
[35][20][6D]
[56][20][61][74][20][31][33][30]
[30][20][6D]
[56][20][0D][0A]
[70]
[72][69][6E][74]
[5F][63][6F][6E][73][74]
[72][61][69][6E]
[74][73][3A][20][50][46]
[55][5A][45][31][30]
[30][5F][53][57][31][42]
[3A][20][33][30][30][20]
[3C][2D][2D][3E][20][31]
[38][37][35][20][6D]
[56][20][61][74][20][33]
[30][30][20][6D][56][20]
[0D][0A]
[70]
[72][69][6E][74][5F]
[63][6F][6E][73][74]
[72][61][69][6E][74][73][3A][20][50]
[46][55][5A][45][31][30]
[30][5F][53][57]
[31][43][3A][20][33][30]
[30][20][3C][2D][2D][3E]
[20][31][38][37][35]
[20][6D][56][20][61][74][20]
[31][33][30][30][20]
[6D][56][20][0D]
[0A]
[70][72][69][6E][74]
[5F][63][6F][6E][73][74][72]
[61][69][6E][74][73]
[3A][20][50][46][55][5A][45]
[31][30][30][5F]
[53][57][32][3A][20][38]
[30][30][20][3C][2D]
[2D][3E][20][33][39]
[35][30][20][6D][56]
[20][61][74][20][33][33]
[30][30][20][6D][56][20]
[0D][0A]
[70]
[72]
[69][6E][74][5F][63][6F][6E][73][74]
[72][61][69]
[6E][74][73][3A][20][50][46][55]
[5A][45][31][30][30][5F]
[53][57][33][41][3A][20][34]
[30][30][20][3C][2D][2D][3E][20]
[31][39][37][35][20][6D][56][20]
[61][74][20][31][35][30][30]
[20][6D][56][20][0D][0A]
[70]
[72][69][6E][74][5F][63]
[6F][6E][73][74][72][61][69][6E]
[74][73][3A][20][50][46][55]
[5A][45][31][30][30][5F][53]
[57][33][42][3A]
[20][34][30][30][20][3C][2D][2D][3E][20]
[31][39][37][35][20][6D][56][20]
[61][74][20][31][35][30]
[30][20][6D][56][20]
[0D][0A]
[70]
[72][69][6E][74]
[5F][63][6F][6E][73][74]
[72][61][69][6E][74][73]
[3A][20][50]
[46][55][5A][45][31][30][30]
[5F][53][57]
[34][3A][20][38][30][30][20]
[3C][2D][2D][3E]
[20][33][39][35][30][20][6D]
[56][20][61][74][20]
[33][31][35][30][20][6D]
[56][20][0D][0A]
[70]
[72][69][6E]
[74][5F][63][6F][6E][73][74][72][61][69][6E]
[74][73][3A][20][50]
[46][55][5A][45][31][30]
[30][5F][53][57]
[42][53][54][3A][20][35]
[30][30][30][20][3C]
[2D][2D][3E][20][35][31]
[35][30][20]
[6D][56][20][61][74][20][35][30]
[30][30][20][6D]
[56][20][0D][0A]
[70]
[72][69][6E][74]
[5F][63][6F][6E][73][74]
[72][61][69][6E][74][73][3A]
[20][50][46][55]
[5A][45][31][30][30][5F]
[56][53][4E][56][53][3A]
[20][31][32][30][30]
[20][3C][2D][2D][3E]
[20][33][30][30][30][20]
[6D][56][20][61][74]
[20][31][38][30]
[30][20][6D][56][20][0D]
[0A]
[70]
[72][69]
[6E][74][5F][63][6F][6E][73][74]
[72][61][69][6E][74][73][3A]
[20][50][46][55][5A]
[45][31][30][30][5F]
[56][52][45][46][44][44][52]
[3A][20][61][74][20][37]
[35][30][20][6D][56][20]
[0D][0A]
[70]
[72][69][6E][74]
[5F][63][6F][6E]
[73][74][72][61][69]
[6E][74][73][3A][20][50][46]
[55][5A][45]
[31][30][30][5F][56][47][45]
[4E][31][3A][20]
[38][30][30][20][3C]
[2D][2D][3E][20][31]
[35][35][30][20][6D][56][20]
[61][74][20][31][35][30]
[30][20][6D][56][20][0D]
[0A]
[70][72][69][6E][74][5F][63][6F][6E][73][74][72]
[61][69][6E][74][73][3A][20][50][46][55][5A][45]
[31][30][30][5F][56][47][45]
[4E][32][3A][20][38][30]
[30][20][3C][2D]
[2D][3E][20]
[31][35][35][30][20][6D][56]
[20][61][74][20][31]
[35][30][30][20][6D]
[56][20][0D][0A]
[70]
[72][69]
[6E][74][5F][63][6F][6E][73][74]
[72][61][69][6E]
[74][73][3A][20][50][46]
[55][5A][45][31][30][30]
[5F][56][47][45]
[4E][33][3A][20][31][38]
[30][30][20][3C][2D]
[2D][3E][20][33][33]
[30][30][20][6D][56]
[20][61][74][20][32][38]
[30][30][20][6D][56]
[20][0D][0A]
[70]
[72][69][6E][74][5F]
[63][6F][6E][73][74]
[72][61][69][6E][74][73][3A]
[20][50][46][55]
[5A][45][31][30][30][5F]
[56][47][45][4E][34][3A][20][31]
[38][30][30][20][3C][2D][2D][3E]
[20][33][33][30][30][20][6D]
[56][20][61][74][20][31][38][30][30][20][6D][56][20]
[0D][0A]
[70]
[72][69][6E][74][5F]
[63][6F][6E][73][74]
[72][61][69][6E][74][73]
[3A][20][50][46]
[55][5A][45][31][30][30]
[5F][56][47][45]
[4E][35][3A][20][31]
[38][30][30]
[20][3C][2D]
[2D][3E][20][33][33]
[30][30][20][6D][56]
[20][61][74][20]
[33][30][30][30]
[20][6D][56]
[20][0D][0A]
[70]
[72]
[69][6E][74][5F][63]
[6F][6E][73][74][72]
[61][69][6E][74]
[73][3A][20][50][46][55]
[5A][45][31]
[30][30][5F][56][47]
[45][4E][36][3A][20]
[31][38][30][30][20][3C]
[2D][2D][3E][20][33]
[33][30][30][20][6D][56]
[20][61][74][20][33][33]
[30][30][20][6D][56][20][0D][0A]
[69]
[6D][78][2D][69][70][75]
[76][33][20][69][6D][78]
[2D][69][70][75]
[76][33][2E][30]
[3A][20][49][50]
[55][20][44][4D][46]
[43][20][4E][4F]
[52][4D][41][4C]
[20][6D][6F][64][65]
[3A][20][31][28][30]
[7E][31][29][2C][20]
[35][42][28][34]
[2C][35][29][2C][20][35]
[46][28][36][2C][37][29]
[0D][0A]
[6D]
[78][63]
[5F][6D][69][70][69][5F]
[63][73][69]
[32][20][6D]
[78][63][5F][6D][69]
[70][69][5F][63][73]
[69]
[32][3A][20][69][2E][4D]
[58][20][4D][49]
[50]
[49][20][43][53][49][32]
[20][64][72][69][76]
[65]
[72][20][70][72][6F][62][65]
[64][0D][0A][6D]
[78][63][5F][6D][69][70][69][5F][63]
[73][69][32][20][6D][78][63]
[5F][6D][69][70][69][5F][63]
[73][69][32][3A][20][69][2E][4D][58][20]
[4D][49][50][49][20][43][53]
[49][32][20][64][70][68]
[79][20][76][65][72][73][69][6F][6E]
[20][69][73][20][30][78][33]
[31][33][30][33][30][32][61]
[0D][0A][4D][49][50][49]
[20][43][53][49]
[32][20]
[64][72][69][76][65][72][20][6D][6F][64]
[75][6C][65][20][6C][6F][61]
[64][65][64][0D][0A]
[41][64][76][61][6E]
[63][65][64][20][4C][69]
[6E][75][78][20][53]
[6F][75][6E][64]
[20][41][72][63][68][69][74]
[65][63][74][75]
[72][65][20][44][72]
[69][76][65][72][20]
[56][65][72][73]
[69][6F][6E][20][31][2E]
[30][2E][32][34][2E]
[0D][0A]
[42]
[6C][75][65][74]
[6F][6F][74][68][3A][20]
[43][6F][72][65]
[20][76][65][72][20][32]
[2E][31][36][0D]
[0A][4E][45][54][3A]
[20][52][65][67][69]
[73][74][65][72][65][64]
[20][70][72]
[6F][74][6F][63][6F][6C]
[20][66][61][6D]
[69][6C][79][20]
[33][31][0D][0A][42][6C]
[75][65][74]
[6F][6F][74][68][3A][20]
[48][43][49][20][64]
[65][76][69][63][65][20]
[61][6E][64][20][63][6F]
[6E][6E][65][63][74][69]
[6F][6E][20][6D]
[61][6E][61]
[67][65][72][20][69][6E][69][74][69][61]
[6C][69][7A][65][64][0D][0A][42][6C][75]
[65][74][6F][6F][74][68][3A]
[20][48][43][49][20][73]
[6F][63][6B][65][74][20][6C]
[61][79][65][72]
[20][69][6E][69]
[74][69][61][6C][69][7A]
[65][64][0D][0A]
[42][6C][75][65][74][6F]
[6F][74][68]
[3A][20][4C][32][43][41][50]
[20][73][6F][63]
[6B][65][74][20][6C][61]
[79][65][72][20][69][6E]
[69][74][69][61]
[6C][69][7A][65][64][0D]
[0A][42][6C][75][65]
[74][6F][6F][74][68][3A][20]
[53][43][4F][20][73][6F]
[63][6B][65][74][20][6C]
[61][79][65][72][20][69]
[6E][69][74][69][61]
[6C][69][7A][65][64]
[0D][0A]
[69][32][63]
[2D][63][6F][72][65]
[3A][20][64][72]
[69][76][65][72][20][5B][6D][61]
[78][31][37][31]
[33][35][5D][20][75][73]
[69][6E][67][20][6C]
[65][67][61][63][79][20]
[73][75][73][70][65][6E]
[64][20][6D][65]
[74][68][6F][64][0D][0A]
[69][32][63][2D][63][6F]
[72][65][3A][20][64][72][69]
[76][65][72][20][5B]
[6D][61][78][31][37][31]
[33][35][5D][20][75][73]
[69][6E][67][20][6C][65]
[67][61][63][79]
[20][72][65][73][75][6D]
[65][20][6D][65][74]
[68][6F][64][0D][0A][53]
[77][69][74]
[63][68][69][6E][67][20][74]
[6F][20][63]
[6C][6F][63][6B][73][6F][75]
[72][63][65][20]
[6D][78][63][5F][74][69][6D]
[65][72][31][0D][0A]
[4E]
[45][54][3A][20][52]
[65][67][69][73]
[74][65][72][65]
[64][20][70][72][6F][74]
[6F][63][6F][6C][20][66]
[61][6D][69][6C][79][20][32]
[0D][0A]
[49][50][20][72][6F][75]
[74][65][20][63]
[61][63][68][65][20][68]
[61][73][68][20][74]
[61][62][6C][65][20][65]
[6E][74][72][69][65][73]
[3A][20][31][36][33][38][34]
[20][28][6F][72][64][65]
[72][3A][20][34][2C][20][36]
[35][35][33][36]
[20][62][79][74][65][73][29][0D][0A]
[54]
[43][50][20][65][73][74]
[61][62][6C][69][73][68][65]
[64][20][68][61][73]
[68][20][74][61][62][6C][65][20]
[65][6E][74][72][69][65][73]
[3A][20][36][35][35][33][36][20][28][6F]
[72][64][65][72][3A][20][37][2C][20]
[35][32][34][32][38][38][20][62][79]
[74][65][73][29][0D][0A]
[54]
[43][50][20][62][69]
[6E][64][20][68]
[61][73][68][20][74][61][62][6C][65][20]
[65][6E][74][72][69][65][73][3A]
[20][36][35][35][33][36][20]
[28][6F][72][64][65][72][3A]
[20][37][2C][20][37]
[38][36][34][33][32][20]
[62][79][74][65][73]
[29][0D][0A]
[54]
[43][50][3A][20][48]
[61][73][68][20][74][61]
[62][6C][65][73][20][63][6F][6E][66]
[69][67][75][72][65]
[64][20][28][65][73]
[74][61][62][6C][69]
[73][68][65][64][20]
[36][35][35]
[33][36][20][62]
[69][6E][64][20][36]
[35][35][33]
[36][29][0D][0A][54]
[43][50][20][72]
[65][6E][6F][20]
[72][65][67][69][73]
[74][65][72]
[65][64][0D][0A]
[55][44][50][20]
[68][61][73]
[68][20][74][61][62]
[6C][65][20]
[65][6E][74]
[72][69][65][73][3A][20][32]
[35][36][20][28][6F]
[72][64][65][72]
[3A][20][31][2C]
[20][38][31]
[39][32][20][62][79][74][65]
[73][29][0D][0A]
[55][44][50][2D][4C][69]
[74][65][20][68][61][73]
[68][20][74][61][62][6C]
[65][20][65][6E][74]
[72][69][65][73][3A][20]
[32][35][36][20]
[28][6F][72][64][65][72]
[3A][20][31][2C][20][38]
[31][39][32]
[20][62][79][74][65][73][29]
[0D][0A]
[4E][45][54][3A][20]
[52][65][67]
[69][73][74][65][72][65][64]
[20][70][72][6F][74]
[6F][63][6F][6C]
[20][66][61][6D]
[69][6C][79]
[20][31][0D][0A]
[52][50]
[43]
[3A][20][52][65][67][69]
[73][74][65][72]
[65][64]
[20][6E][61][6D][65]
[64][20][55][4E][49]
[58]
[20][73][6F][63][6B][65]
[74][20][74][72]
[61][6E]
[73][70][6F][72][74]
[20][6D][6F][64][75][6C]
[65][2E][0D][0A][52][50][43]
[3A][20][52][65]
[67][69][73][74][65][72][65][64][20]
[75][64][70][20][74]
[72][61][6E][73][70][6F][72][74]
[20][6D][6F][64][75][6C]
[65][2E][0D][0A][52][50]
[43][3A][20][52][65][67][69][73]
[74][65][72][65]
[64][20][74][63][70][20][74][72][61][6E]
[73][70][6F][72][74][20]
[6D][6F][64][75][6C][65][2E]
[0D][0A][52][50][43]
[3A][20][52][65][67][69]
[73][74][65][72][65][64]
[20][74][63][70][20][4E]
[46][53][76][34][2E]
[31][20][62][61][63][6B]
[63][68][61][6E][6E][65][6C][20][74]
[72][61][6E]
[73][70][6F][72][74][20][6D]
[6F][64][75][6C]
[65][2E][0D][0A]
[55][6E][70]
[61][63][6B]
[69][6E][67][20][69][6E]
[69][74][72][61]
[6D][66][73][2E]
[2E][2E][0D][0A]
[46]
[72][65][65][69]
[6E][67][20][69][6E][69][74]
[72][64][20][6D][65][6D]
[6F][72][79][3A][20][31]
[36][30][4B][0D][0A]
[50]
[4D][55][3A][20][72]
[65][67][69][73][74][65][72]
[65][64][20][6E][65]
[77][20][50][4D][55]
[20][64][65][76]
[69][63][65][20][6F][66][20]
[74][79][70][65][20]
[30][0D][0A][53]
[74][61][74][69]
[63][20][50][6F][77][65]
[72][20][4D][61]
[6E][61][67][65][6D]
[65][6E][74][20][66]
[6F][72][20][46][72]
[65][65][73][63][61]
[6C][65][20][69][2E][4D]
[58][36][0D][0A]
[77][61][69][74][20][6D][6F]
[64][65][20][69][73][20]
[65][6E][61][62][6C][65]
[64][20][66][6F][72][20][69]
[2E][4D][58][36]
[0D][0A][63][70]
[61][64][64][72]
[20][3D][20][64]
[39][38][32][30][30][30]
[30][20][73][75][73]
[70][65][6E][64][5F]
[69][72][61][6D][5F]
[62][61][73][65][3D][64][39]
[38][62][34][30]
[30][30][0D][0A][50]
[4D][20][64][72]
[69][76][65]
[72][20][6D][6F][64]
[75][6C][65][20][6C]
[6F][61][64][65][64][0D][0A]
[49][4D]
[58][20][75][73][62][20][77][61]
[6B][65][75][70][20][70][72]
[6F][62][65][0D][0A][63]
[70][75][20][72][65][67][75][6C][61][74][6F][72]
[20][6D][6F][64][65][3A][6C][64][6F][5F][62][79][70][61]
[73][73][0D][0A][69][2E][4D][58][43][20]
[43][50][55][20][66][72][65][71]
[75][65][6E][63][79][20][64]
[72][69][76][65]
[72][0D][0A]
[68]
[69][67][68][6D][65][6D][20]
[62][6F][75][6E][63][65]
[20][70][6F][6F][6C]
[20][73][69][7A][65][3A]
[20][36][34][20][70][61]
[67][65][73][0D][0A]
[61][73][68]
[6D][65][6D][3A]
[20][69][6E][69][74][69][61]
[6C][69][7A][65][64][0D]
[0A]
[4A]
[46][46][53][32]
[20][76][65][72][73][69][6F]
[6E][20][32][2E][32]
[2E][20][28][4E][41][4E][44]
[29][20][C2][A9][20]
[32][30][30][31][2D][32][30][30][36]
[20][52][65][64][20]
[48][61][74][2C][20][49]
[6E][63][2E]
[0D][0A][6D][73]
[67][6D][6E][69][20]
[68][61][73][20][62]
[65][65][6E][20][73]
[65][74][20][74][6F][20][37]
[36][35][0D][0A]
[69]
[6F][20][73][63][68][65]
[64][75][6C][65][72][20][6E][6F]
[6F][70][20][72][65][67]
[69][73][74][65][72]
[65][64][0D][0A][69][6F]
[20][73][63][68][65]
[64][75][6C][65][72][20][64]
[65][61][64][6C][69]
[6E][65][20][72][65][67][69][73]
[74][65][72][65][64][0D]
[0A][69][6F][20][73][63]
[68][65][64][75][6C][65][72][20][63][66][71]
[20][72][65][67][69][73][74][65][72][65]
[64][20][28][64][65][66][61][75][6C]
[74][29][0D][0A]
[5B]
[2A][2A][2A][2A]
[2A][2A][2A][2A][2A][2A]
[2A][2A][2A][2A]
[2A][2A][2A][2A][5D][20]
[64][72][69][76]
[65][72][73]
[2F][76][69][64][65][6F][2F]
[6D][78][63][5F]
[68][64][6D][69][2E][63]
[28][32][33][33][32][29]
[0D][0A][5B][2A]
[2A][2A][2A][2A][2A][2A][2A]
[2A][2A][2A][2A][2A][2A]
[2A][2A][2A][2A][5D][20]
[64][72][69][76][65]
[72][73][2F][76][69]
[64][65][6F]
[2F][6D][78][63][5F][68][64][6D][69][2E]
[63][28][32][33][33][36]
[29][0D][0A][5B][2A]
[2A][2A][2A][2A][2A][2A][2A]
[2A][2A][2A][2A][2A][2A]
[2A][2A][2A][2A][5D][20][64]
[72][69][76][65][72]
[73][2F][76][69][64]
[65][6F][2F][6D]
[78][63][5F][68][64][6D][69]
[2E][63][28][32][33]
[34][33][29][0D][0A][5B][2A][2A][2A][2A]
[2A][2A][2A][2A][2A][2A][2A]
[2A][2A][2A][2A][2A]
[2A][2A][5D][20][64][72][69][76]
[65][72][73][2F]
[76][69][64][65][6F][2F][6D]
[78][63][5F][68]
[64][6D][69][2E][63]
[28][32][33][35][33][29][0D]
[0A][5B][2A][2A][2A][2A][2A]
[2A][2A][2A][2A][2A][2A]
[2A][2A][2A][2A][2A][2A][2A][5D]
[20][64][72][69]
[76][65][72][73][2F]
[76][69][64]
[65][6F][2F][6D][78][63][5F]
[68][64][6D][69][2E][63]
[28][32][33][35][35]
[29][0D][0A][5B][2A][2A]
[2A][2A][2A][2A][2A][2A]
[2A][2A][2A][2A][2A][2A][2A][2A]
[2A][2A][5D][20][64][72][69][76][65]
[72][73][2F][76][69][64]
[65][6F][2F][6D][78][63]
[5F][68][64][6D][69][2E][63]
[28][32][33][36]
[34][29][0D][0A][5B][2A][2A]
[2A][2A][2A][2A]
[2A][2A][2A][2A][2A][2A][2A]
[2A][2A][2A][2A]
[2A][5D][20][64][72][69]
[76][65][72][73][2F][76]
[69][64][65][6F]
[2F][6D][78][63][5F][68][64]
[6D][69][2E][63][28][32]
[33][36][36][29][0D]
[0A][5B][2A][2A][2A]
[2A][2A][2A][2A][2A][2A][2A]
[2A][2A][2A][2A][2A]
[2A][2A][2A][5D][20]
[64][72][69][76]
[65][72][73][2F][76][69]
[64][65][6F]
[2F][6D][78][63][5F][68][64]
[6D][69][2E][63][28]
[32][33][36][38][29]
[0D][0A]
[4D][49][50][49]
[20][44][53][49]
[20][64][72][69][76][65]
[72][20][6D][6F][64][75][6C]
[65][20][6C][6F][61][64]
[65][64][0D][0A]
[6D][78][63][5F][73]
[64][63][5F][66][62][20]
[6D][78][63][5F][73][64]
[63][5F][66][62][2E]
[30][3A][20][72][65][67]
[69][73][74][65]
[72][20][6D][78][63][20]
[64][69][73][70][6C][61][79]
[20][64][72][69][76]
[65][72][20][68][64]
[6D][69][0D][0A]
[5B][2A][2A][2A][2A][2A][2A][2A][2A]
[2A][2A][2A][2A]
[2A][2A][2A][2A][2A][2A]
[5D][20][64][72][69][76]
[65][72][73][2F][76]
[69][64][65][6F][2F][6D]
[78][63][5F][68][64][6D][69]
[2E][63][28][32][31][30]
[31][29][0D][0A][5B][2A]
[2A][2A][2A][2A][2A]
[2A][2A][2A][2A][2A]
[2A][2A][2A][2A][2A][2A]
[2A][5D][20][64][72]
[69][76][65][72][73][2F]
[76][69][64][65][6F][2F]
[6D][78][63]
[5F][68][64][6D][69][2E][63]
[28][32][31]
[30][33][29][0D][0A]
[5B][2A][2A][2A]
[2A][2A][2A][2A][2A][2A][2A]
[2A][2A][2A][2A][2A]
[2A][2A][2A][5D][20][64]
[72][69][76][65][72][73][2F]
[76][69][64][65][6F][2F]
[6D][78][63][5F][68]
[64][6D][69][2E][63][28][32][31]
[31][30][29][0D]
[0A][5B][2A][2A][2A][2A][2A]
[2A][2A][2A][2A]
[2A][2A][2A][2A][2A][2A][2A]
[2A][2A][5D][20][64]
[72][69][76][65][72]
[73][2F][76][69][64][65]
[6F][2F][6D][78][63][5F]
[68][64][6D][69]
[2E][63][28][32][31][31]
[33][29][0D][0A]
[5B][2A][2A][2A][2A]
[2A][2A][2A][2A][2A][2A][2A]
[2A][2A]
[2A][2A][2A][2A][2A][5D][20][64][72]
[69][76][65]
[72][73][2F][76][69][64]
[65][6F][2F][6D][78]
[63][5F][68][64][6D]
[69][2E][63][28][32]
[31][32][39][29][0D][0A]
[5B][2A][2A][2A]
[2A][2A][2A][2A][2A][2A]
[2A][2A][2A][2A][2A][2A]
[2A][2A][2A][5D][20]
[64][72][69][76][65][72]
[73][2F][76][69][64]
[65][6F][2F][6D][78][63][5F]
[68][64][6D][69][2E]
[63][28][32][31][34]
[31][29][0D][0A]
[5B][2A][2A][2A][2A][2A][2A]
[2A][2A][2A][2A]
[2A][2A][2A][2A][2A][2A][2A][2A][5D][20]
[64][72][69][76][65][72][73][2F][76]
[69][64][65][6F][2F][6D][78][63][5F]
[68][64][6D][69][2E]
[63][28][32][31]
[34][35][29][0D][0A]
[5B][2A][2A][2A]
[2A][2A][2A][2A]
[2A][2A][2A][2A][2A][2A][2A]
[2A][2A][2A][2A][5D][20]
[64][72][69][76][65][72]
[73][2F][76][69]
[64][65][6F][2F][6D]
[78][63][5F][68][64][6D][69]
[2E][63][28][32]
[31][34][38][29][0D]
[0A][5B][2A][2A][2A][2A][2A][2A]
[2A][2A][2A][2A][2A][2A][2A]
[2A][2A][2A][2A]
[2A]
[5D][20][64][72][69][76]
[65][72][73][2F][76]
[69]
[64][65][6F][2F][6D][78][63][5F][68][64]
[6D][69][2E][63]
[28][32][31][35][36][29]
[0D][0A][5B]
[2A][2A][2A][2A][2A]
[2A][2A][2A][2A][2A][2A]
[2A][2A][2A][2A][2A][2A]
[2A][5D][20][64][72][69]
[76][65][72][73]
[2F][76][69][64]
[65][6F][2F]
[6D][78][63][5F][68]
[64][6D][69][2E]
[63][28][32][31][36][33][29][0D]
[0A][5B][2A][2A][2A][2A]
[2A][2A][2A][2A][2A][2A][2A][2A][2A]
[2A][2A][2A][2A][2A]
[5D][20][64][72][69][76]
[65][72][73]
[2F][76][69][64][65][6F][2F]
[6D][78][63][5F]
[68][64][6D][69][2E][63]
[28][32][31][37][31][29]
[0D][0A][5B][2A]
[2A][2A][2A][2A][2A][2A]
[2A][2A][2A][2A][2A]
[2A][2A][2A][2A][2A]
[2A][5D][20][64][72]
[69][76][65][72][73]
[2F][76][69][64]
[65][6F][2F][6D][78][63]
[5F][68][64][6D]
[69][2E][63][28][32][31][37]
[38][29][0D][0A][6D][78]
[63][5F][68][64]
[6D][69][20][6D][78][63]
[5F][68][64][6D][69][3A]
[20][44][65][74]
[65][63][74][65][64]
[20][48][44][4D][49][20][63][6F]
[6E][74][72][6F][6C][6C]
[65][72][20][30][78][31][33]
[3A][30][78][31][61][3A][30]
[78][61][30][3A][30][78]
[63][31][0D][0A][5B][2A][2A][2A]
[2A][2A][2A][2A][2A][2A][2A]
[2A][2A][2A][2A][2A][2A][2A][2A][5D][20][64][72][69]
[76][65][72][73][2F][76][69][64][65]
[6F][2F][6D][78][63][5F][68]
[64][6D][69][2E][63][28]
[32][31][38][38]
[29]
[0D][0A][5B][2A][2A][2A]
[2A][2A][2A][2A][2A][2A][2A][2A][2A][2A]
[2A][2A][2A][2A][2A][5D]
[20][64][72][69][76][65][72]
[73][2F][76][69][64][65]
[6F][2F][6D][78][63][5F][68]
[64][6D][69][2E][63][28]
[32][31][39][36][29][0D][0A]
[66][62][63][76][74][3A]
[20][31][39][32][30][78][31][30]
[38][30][40][36][30][3A][20][43]
[56][54][20][4E][61][6D][65][20][2D]
[20][32][2E][30][37][33]
[4D][39][0D][0A][5B][2A][2A][2A]
[2A][2A][2A][2A][2A]
[2A][2A][2A][2A][2A][2A][2A]
[2A][2A]
[2A][5D][20][64][72][69][76][65][72][73][2F]
[76][69][64][65][6F]
[2F][6D][78][63][5F]
[68][64][6D][69][2E]
[63][28][32][32][30][31]
[29][0D][0A][5B][2A]
[2A][2A][2A][2A][2A][2A][2A][2A]
[2A][2A][2A][2A][2A][2A][2A]
[2A][2A][5D][20]
[64][72][69][76][65][72]
[73][2F][76][69][64][65]
[6F][2F][6D][78][63]
[5F][68][64][6D][69]
[2E][63]
[28][32][32][30][35][29]
[0D][0A][5B][2A][2A][2A]
[2A][2A][2A][2A][2A][2A]
[2A][2A][2A][2A]
[2A][2A][2A][2A][2A][5D]
[20][64][72][69][76]
[65][72][73][2F]
[76][69][64][65][6F][2F]
[6D][78][63]
[5F][68][64][6D][69][2E][63][28]
[32][32][31][32]
[29][0D][0A][5B][2A]
[2A][2A][2A][2A][2A]
[2A][2A][2A][2A][2A][2A]
[2A][2A][2A][2A]
[2A][2A][5D][20][64]
[72][69][76][65][72]
[73][2F][76][69]
[64][65][6F][2F][6D][78][63]
[5F][68][64][6D][69]
[2E][63][28][32][32]
[31][36][29][0D][0A][5B]
[2A][2A][2A][2A][2A][2A]
[2A][2A][2A][2A][2A]
[2A][2A][2A][2A][2A][2A]
[2A][5D][20][64][72][69]
[76][65][72][73]
[2F][76][69][64]
[65][6F][2F][6D][78]
[63][5F][68][64][6D][69][2E][63]
[28][32][32][32]
[32][29][0D][0A][5B][2A]
[2A][2A][2A][2A][2A]
[2A][2A][2A][2A][2A]
[2A][2A][2A][2A][2A]
[2A][2A][5D][20][64][72][69]
[76][65][72][73]
[2F][76][69][64][65][6F]
[2F][6D][78][63]
[5F][68][64][6D][69][2E]
[63][28][32][32]
[32][38][29][0D][0A]
[5B][2A][2A][2A][2A][2A]
[2A][2A][2A]
[2A][2A][2A][2A][2A][2A][2A]
[2A][2A][2A][5D][20]
[64][72][69][76][65]
[72][73][2F][76][69][64]
[65][6F][2F][6D][78]
[63][5F][68][64][6D]
[69][2E][63][28]
[32][32][33][35][29]
[0D][0A][5B][2A]
[2A][2A][2A][2A][2A][2A]
[2A][2A][2A][2A]
[2A][2A][2A][2A][2A][2A]
[2A][5D][20][64]
[72][69][76][65][72]
[73][2F][76][69][64][65][6F][2F]
[6D][78][63][5F][68][64]
[6D][69][2E][63][28][32]
[32][33][39]
[29][0D][0A][5B][2A][2A]
[2A][2A][2A][2A][2A]
[2A][2A][2A][2A][2A][2A][2A][2A]
[2A][2A][2A][5D][20][64][72][69]
[76][65][72][73][2F][76][69]
[64][65][6F][2F][6D][78][63][5F]
[68][64][6D][69][2E][63][28][32][32][34]
[32][29][0D][0A][5B][2A][2A][2A][2A]
[2A][2A][2A][2A][2A][2A][2A][2A][2A][2A]
[2A][2A][2A][2A][5D][20][64][72][69]
[76][65][72][73][2F][76][69][64][65]
[6F][2F][6D][78][63][5F][68][64][6D][69][2E][63]
[28][32][32][34][37][29][0D][0A][5B][2A][2A]
[2A][2A][2A][2A][2A][2A][2A][2A][2A][2A][2A][2A]
[2A][2A][2A][2A][5D][20][64][72][69][76][65]
[72][73][2F][76][69][64][65][6F][2F][6D][78][63][5F][68][64][6D]
[69][2E][63][28][32][32][34][39][29][0D][0A][5B][2A][2A]
[2A][2A][2A][2A]
[2A][2A][2A][2A][2A][2A][2A][2A][2A]
[2A][2A][2A][5D][20][64][72][69][76]
[65][72][73][2F][76]
[69][64][65][6F][2F][6D][78][63]
[5F][68][64][6D][69][2E][63][28][32][32][35][37][29][0D][0A]
[5B][2A][2A][2A][2A][2A][2A][2A][2A][2A]
[2A][2A][2A][2A]
[2A][2A][2A][2A][2A][5D]
[20][64][72][69][76][65][72]
[73][2F][76][69][64]
[65][6F][2F][6D][78]
[63][5F][68][64][6D][69]
[2E][63][28]
[32][32][37][30][29][0D][0A]
[5B][2A][2A][2A]
[2A][2A][2A][2A][2A][2A]
[2A][2A][2A][2A][2A][2A]
[2A][2A][2A][5D][20][64][72]
[69][76][65][72][73][2F]
[76][69][64][65][6F]
[2F][6D][78][63]
[5F][68][64][6D][69][2E][63]
[28][32][32][37]
[34][29][0D]
[0A]
[69]
[6D][78][2D][69][70][75][76][33][20][69][6D][78][2D][69][70][75][76][33]
[2E][30][3A][20][49][50][55][20][44][4D][46][43][20][44][50][20][48]
[49][47][48][20][52][45][53][4F][4C][55][54][49][4F][4E]
[3A][20][31][28][30][2C][31][29][2C][20][35][42][28][32][7E]
[35][29][2C][20][35][46][28][36][2C][37][29][0D][0A][5B][2A][2A][2A]
[2A][2A][2A][2A][2A][2A][2A][2A][2A][2A][2A][2A][2A][2A][2A][5D][20][64][72][69][76][65][72][73][2F][76]
[69][64][65][6F][2F][6D][78][63][5F][68][64][6D][69][2E][63][28][31][30][38][36]
[29][0D][0A][5B][2A][2A][2A][2A][2A][2A][2A][2A][2A][2A][2A][2A][2A][2A][2A][2A][2A]
[2A][5D][20][64][72][69][76][65][72][73][2F][76][69][64][65][6F][2F][6D][78][63][5F][68][64][6D][69][2E]
[63][28][31][37][39][39][29][0D][0A]
[6D][78][63][5F][73][64][63][5F][66][62][20][6D][78][63]
[5F][73][64][63][5F][66][62][2E][31][3A][20][72][65][67][69][73][74][65][72][20][6D][78][63][20][64]
[69][73][70][6C][61][79][20][64][72][69][76][65][72][20]
[68][64][6D][69][0D][0A][5B][2A][2A][2A][2A][2A][2A][2A][2A][2A][2A][2A]
[2A][2A][2A][2A][2A][2A][2A][5D][20][64][72][69][76][65][72][73][2F][76][69][64]
[65][6F][2F][6D][78][63][5F][68][64][6D][69][2E][63][28][32][31][30][31][29][0D]
[0A][5B][2A][2A][2A][2A][2A][2A][2A][2A][2A][2A][2A][2A][2A][2A][2A][2A][2A][2A][5D][20][64][72][69][76]
[65][72][73][2F][76][69][64][65][6F][2F][6D][78][63][5F][68][64][6D][69][2E][63][28][32][31][30][33]
[29][0D][0A][5B][2A][2A][2A][2A][2A][2A][2A][2A][2A][2A]
[2A][2A][2A][2A][2A][2A][2A][2A][5D][20][64][72][69][76][65][72][73][2F][76][69][64]
[65][6F][2F][6D][78][63][5F][68][64][6D]
[69][2E][63][28][31][37][32][37][29][0D]
[0A][5B][2A][2A][2A][2A][2A][2A][2A][2A][2A][2A]
[2A][2A][2A][2A][2A][2A][2A][2A][5D][20][64][72][69][76]
[65][72][73][2F][76][69]
[64][65][6F][2F][6D][78][63][5F][68][64][6D][69][2E]
[63][28][31][36][35][37][29]
[0D][0A][6D][78][63][5F][68][64][6D]
[69][20][6D][78][63][5F][68][64][6D][69][3A][20]
[45][72][72][6F][72][20][6F][6E][6C][79]
[20][6F][6E][65][20][48][44][4D][49][20]
[6F][75][74][70][75][74][20][73]
[75][70][70][6F][72][74][20][6E][6F]
[77][21][0D][0A][6D][78][63][5F][73][64][63]
[5F][66][62][20][6D][78][63][5F][73][64][63]
[5F][66][62][2E][31][3A][20][4E][4F][20]
[6D][78][63][20][64][69][73][70][6C][61]
[79][20][64][72][69][76][65][72][20][66][6F]
[75][6E][64][21][0D][0A][5B][2A][2A][2A]
[2A][2A][2A][2A][2A][2A][2A]
[2A][2A][2A][2A][2A][2A][2A][2A][5D]
[20][64][72][69][76][65][72][73][2F][76]
[69][64][65][6F][2F][6D][78][63][5F][68][64]
[6D][69][2E][63][28][31][33][36][39][29]
[0D][0A]
[69][6D][78][2D][73][64][6D][61]
[20][69][6D][78][2D][73][64]
[6D][61][3A][20][6C][6F][61][64][65][64][20]
[66][69][72][6D][77][61][72][65][20][31]
[2E][31][0D][0A]
[69]
[6D][78][2D][73][64]
[6D][61][20][69][6D][78][2D][73][64]
[6D][61][3A][20][69][6E]
[69][74][69][61][6C][69][7A][65][64][0D][0A]
[5B]
[2A][2A][2A][2A][2A][2A]
[2A][2A][2A][2A][2A][2A][2A][2A]
[2A][2A][2A][2A]
[5D][20][64][72][69][76][65]
[72][73][2F][76]
[69][64][65][6F][2F]
[6D][78][63][5F][68]
[64][6D][69][2E]
[63][28][31][35][32][39]
[29][0D][0A][5B][2A]
[2A][2A][2A][2A][2A]
[2A][2A][2A][2A]
[2A][2A][2A][2A][2A][2A][2A]
[2A][5D][20][64][72]
[69][76][65][72][73]
[2F][76][69][64][65]
[6F][2F][6D]
[78][63][5F][68][64][6D][69]
[2E][63][28]
[31][36][31][31][29][0D][0A]
[66]
[62][63][76][74][3A]
[20][31][39][32][30][78]
[31][30][38][30][40]
[36][30][3A][20][43][56][54]
[20][4E][61][6D]
[65][20][2D][20][32][2E][30][37]
[33][4D][39][0D][0A][5B][2A][2A]
[2A][2A][2A][2A][2A][2A][2A]
[2A][2A][2A][2A][2A][2A]
[2A][2A][2A][5D][20][64]
[72][69][76][65][72]
[73][2F][76][69][64][65]
[6F][2F][6D][78][63][5F]
[68][64][6D][69][2E][63]
[28][31][34][39]
[30][29][0D][0A][5B]
[2A][2A][2A][2A]
[2A][2A][2A][2A][2A][2A]
[2A][2A][2A]
[2A][2A][2A][2A][2A][5D][20]
[64][72][69][76][65]
[72][73][2F][76][69]
[64][65][6F][2F][6D][78]
[63][5F][68][64]
[6D][69][2E][63][28][31]
[35][30][30][29][0D][0A]
[5B][2A][2A][2A][2A][2A]
[2A][2A][2A][2A][2A]
[2A][2A][2A][2A][2A][2A][2A]
[2A][5D][20][64][72][69]
[76][65][72][73][2F][76][69][64][65][6F][2F][6D][78]
[63][5F][68][64][6D][69][2E]
[63][28][31][34][30][30]
[29][0D][0A]
[5B]
[2A][2A][2A][2A][2A][2A][2A][2A][2A][2A][2A][2A][2A][2A][2A][2A]
[2A][2A][5D][20][64][72][69][76][65][72][73][2F][76][69][64][65][6F][2F][6D][78][63][5F][68][64][6D][69][2E][63][28][31][30][38][36][29][0D][0A][5B][2A][2A][2A][2A][2A][2A][2A][2A][2A][2A][2A][2A][2A][2A][2A][2A][2A][2A][5D][20][64][72][69][76][65][72]
[73][2F][76][69][64][65][6F][2F][6D][78][63][5F][68][64][6D][69][2E][63][28][38][33][39][29][0D][0A][5B][2A][2A][2A][2A][2A][2A][2A][2A][2A][2A][2A][2A][2A][2A]
[2A][2A][2A][2A][5D][20][64][72][69][76][65][72][73][2F][76][69][64][65][6F][2F][6D][78][63][5F]
[68][64][6D][69][2E][63][28][38][33][39][29][0D][0A][5B][2A][2A][2A][2A][2A][2A][2A][2A][2A]
[2A][2A][2A][2A][2A][2A][2A][2A][2A][5D][20][64][72][69][76][65][72][73][4F][31][21][CF][F3]
[86][88][CC][33][2B][2F][E3][33][25][25][25][25][25][25][25][25][25][25][25][25][A5][05][22][C9][A5][D9][95][C9][CD][BD][76][69][64][65][6F][2F][6D][78][63][5F][68][64][6D][69][2E][63][28][31]
[38][35][35][29][0D][0A][5B][2A][2A][2A][2A][2A]
[2A][2A][2A][2A][2A][2A][2A][2A][2A][2A][2A][2A][2A][5D][20][64]
[72][69][76][65][72][73][2F][76][69][64][65][6F]
[2F][6D][78][63][5F][68][64][6D][69][2E][63][28][31][35][30][30][29][0D][0A][5B][2A][2A][2A][2A][2A][2A]
[2A][2A][2A][2A][2A][2A][2A][2A][2A][2A][2A][2A][5D][20][64][72][69][76][65][72][73]
[2F][76][69][64][65][6F][2F][6D][78][63][5F]
[68][64][6D][69][2E][63][28][31][34]
[30][30][29][0D][0A]
[63]
[6F][6E][73][6F][6C][65][20][5B][74][74][79][6D][78][63][30][5D][20][65][6E][61][62][6C][65][64][2C][20][62][6F][6F][74][63][6F][6E][73][6F][6C][65]
[20][64][69][73][61][62][6C][65][64][0D][0A][5B][2A][2A][2A][2A][2A][2A][2A][2A][2A][2A][2A][2A][2A][2A][2A][2A][2A][2A]
[5D][20][64][72][69][76][65][72][73][2F][76][69][64][65][6F][2F][6D][78][63][5F][68][64][6D][69][2E][63]
[28][31][30][38][36][29][0D][0A][5B][2A][2A][2A][2A][2A][2A][2A][2A][2A][2A][2A][2A][2A][2A]
[2A][2A][2A][2A][5D][20][64][72][69][76][65][72][73][2F][76][69][64][65][6F][2F][6D][78][63][5F][68]
[64][6D][69][2E][63][28][38][33][39][29][0D][0A][5B][2A][2A][2A][2A][2A][2A][2A][2A]
[2A][2A][2A][2A][2A][2A][2A][2A][2A][2A][5D][20][64][72][69][76][65]
[72][73][2F][76][69][64][65][6F][2F][6D][78][63][5F][68][64][6D][69][2E][63]
[28][38][33][39][29][0D][0A][5B][2A][2A][2A][2A][2A]
[2A][2A][2A][2A][2A][2A][2A][2A][2A][2A][2A][2A]
[2A][5D][20][64][72][69][76][65][72][73][2F][76][69][64][65][6F][2F][6D][78][63][5F][68][64]
[6D][69][2E][63][28][31][38][35][32][29][0D]
[0A][5B][2A][2A][2A][2A][2A][2A][2A][2A][2A][2A][2A][2A][2A][2A][2A][2A][2A][2A][5D][20][64][72][69][76][65][72][73][2F][76][69][64][65][6F][2F][6D]
[78][63][5F][68][64][6D][69][2E][63][28][31][38][35][35][29][0D][0A][5B][2A][2A][2A][2A][2A][2A][2A][2A][2A][2A][2A][2A][2A][2A][2A][2A][2A][2A][5D]
[20][64][72][69][76][65][72][73][2F][76][69][64][65][6F][2F][6D][78][63][5F][68][64][6D][69][2E][63][28][31][34][39][30][29]
[0D][0A][5B][2A][2A][2A][2A][2A][2A][2A][2A][2A][2A][2A][2A][2A]
[2A][2A][2A][2A][2A][5D][20][64][72][69][76][65][72][73][2F]
[76][69][64][65][6F][2F][6D][78][63][5F][68][64][6D]
[69][2E][63][28][31][32][38][30][29][0D][0A]
[5B][2A][2A][2A][2A][2A][2A][2A][2A][2A][2A][2A][2A]
[2A][2A][2A][2A][2A][2A][5D][20][64][72][69][76]
[65][72][73][2F][76][69][64][65][6F][2F][6D][78][63][5F][68][64]
[6D][69][2E][63][28][31][30][38][36][29][0D][0A][5B][2A][2A][2A][2A][2A][2A][2A][2A][2A][2A][2A][2A][2A][2A][2A][2A][2A][2A][5D][20][64][72][69][76][65][72]
[73][2F][76][69][64][65][6F][2F][6D][78][63][5F][68][64][6D][69][2E][63][28][38][33][39][29][0D][0A][5B]
[2A][2A][2A][2A][2A][2A][2A]
[2A][2A][2A][2A][2A][2A][2A][2A]
[2A][2A][2A][5D]
[20][64][72][69][76][65][72][73][2F]
[76][69][64]
[65][6F][2F][6D][78]
[63][5F][68][64][6D][69]
[2E][63][28][38][33][39][29][0D][0A]
[5B][2A]
[2A][2A][2A][2A][2A][2A]
[2A][2A][2A][2A]
[2A][2A][2A][2A]
[2A][2A][2A][5D][20]
[64][72][69][76]
[65][72][73][2F][76][69]
[64][65]
[6F][2F][6D][78]
[63][5F][68][64][6D][69][2E]
[63][28][31][34]
[32][31][29][0D]
[0A][5B][2A][2A][2A][2A]
[2A][2A][2A][2A][2A]
[2A][2A][2A][2A][2A][2A]
[2A][2A][2A][5D][20][64]
[72][69][76][65][72][73][2F]
[76][69][64][65][6F][2F]
[6D][78][63][5F][68][64]
[6D][69][2E][63][28][31][34]
[35][32][29][0D][0A][5B]
[2A][2A][2A][2A][2A][2A]
[2A][2A][2A]
[2A][2A][2A][2A][2A][2A][2A][2A]
[2A][5D][20][64]
[72][69][76][65][72]
[73][2F][76][69][64][65][6F][2F]
[6D][78][63][5F][68][64][6D]
[69][2E][63][28][31]
[31][35][30][29][0D][0A]
[5B][2A][2A][2A][2A]
[2A][2A][2A][2A][2A][2A][2A][2A]
[2A][2A][2A][2A][2A]
[2A][5D][20][64][72][69][76][65]
[72][73][2F][76][69][64][65]
[6F][2F][6D][78][63][5F]
[68][64][6D][69][2E][63][28][31][31][31]
[38][29][0D][0A][5B][2A]
[2A][2A][2A][2A][2A]
[2A][2A][2A][2A]
[2A][2A][2A][2A]
[2A][2A][2A]
[2A][5D][20][64][72]
[69][76][65][72]
[73][2F][76]
[69][64][65][6F][2F]
[6D][78][63][5F][68][64]
[6D][69][2E][63][28]
[31][34][36][35][29][0D][0A]
[5B][2A][2A][2A][2A]
[2A][2A][2A]
[2A][2A][2A]
[2A][2A][2A][2A][2A][2A][2A][2A][5D][20]
[64][72][69][76][65][72]
[73][2F][76][69][64]
[65][6F][2F][6D][78][63][5F][68]
[64][6D][69][2E]
[63][28][31]
[34][38][32][29][0D][0A]
[69]
[6D][78][2D]
[75][61][72][74][2E][31][3A]
[20][74][74][79]
[6D][78][63][31][20][61][74]
[20][4D][4D][49][4F][20]
[30][78]
[32][31][65][38][30]
[30][30][20][28][69][72]
[71][20][3D][20]
[35][39][29][20][69]
[73][20][61]
[20][49][4D][58]
[0D][0A]
[69]
[6D][78][2D][75][61][72]
[74][2E][32][3A]
[20][74][74][79]
[6D][78][63][32][20]
[61][74][20]
[4D][4D][49][4F]
[20][30][78][32][31][65]
[63][30][30]
[30][20][28][69][72]
[71][20][3D]
[20][36][30][29]
[20][69][73][20][61][20]
[49][4D][58][0D][0A]
[69]
[6D][78][2D][75]
[61][72][74][2E][33][3A][20]
[74][74][79][6D]
[78][63][33][20][61][74]
[20][4D][4D][49]
[4F][20][30][78]
[32][31][66][30][30]
[30][30][20][28]
[69][72][71][20][3D]
[20][36][31]
[29][20][69][73]
[20][61]
[20][49][4D][58][0D]
[0A]
[69][6D][78][2D][75]
[61][72][74][2E][34]
[3A][20][74][74][79][6D]
[78][63][34]
[20][61][74]
[20][4D][4D][49][4F][20]
[30][78][32][31]
[66]
[34][30][30][30][20][28][69][72]
[71][20][3D][20]
[36][32][29][20][69][73]
[20][61][20][49]
[4D][58][0D][0A]
[6C]
[6F][6F][70][3A][20][6D][6F]
[64][75][6C][65][20]
[6C][6F][61][64][65]
[64][0D][0A]
[6D]
[32][35][70][38]
[30][20][73][70]
[69][30][2E]
[30][3A][20][75][6E]
[72][65][63][6F]
[67][6E][69]
[7A][65][64][20]
[4A][45][44]
[45][43][20][69]
[64][20]
[66][66][66][66][66]
[66][0D][0A]
[76]
[63][61][6E][3A]
[20][56][69][72]
[74][75][61]
[6C][20][43][41][4E][20]
[69][6E][74]
[65][72]
[66][61][63][65][20]
[64][72][69][76]
[65][72][0D]
[0A][43][41][4E][20]
[64][65][76][69][63][65]
[20][64][72][69][76][65]
[72][20][69][6E]
[74][65][72][66]
[61][63][65][0D]
[0A][66][6C]
[65][78][63][61][6E][20]
[6E][65][74][64][65][76]
[69][63][65]
[20][64][72][69][76]
[65][72][0D]
[0A][46]
[45][43][20][45][74][68][65][72][6E][65][74]
[20][44][72][69][76]
[65][72][0D][0A]
[66]
[65][63][5F][65]
[6E][65][74][5F]
[6D][69][69][5F]
[62][75][73][3A]
[20][70]
[72][6F][62][65][64][0D][0A]
[50]
[50][50][20][67][65][6E]
[65][72][69][63]
[20][64][72]
[69][76][65][72][20][76]
[65][72][73][69]
[6F][6E][20][32]
[2E][34][2E][32][0D][0A]
[50]
[50][50][20][44][65][66]
[6C][61][74]
[65][20][43][6F][6D][70][72]
[65][73][73][69]
[6F][6E][20][6D][6F][64]
[75][6C][65][20]
[72][65]
[67][69][73][74][65]
[72][65][64][0D][0A]
[50]
[50][50][20][42][53][44][20]
[43][6F][6D][70]
[72][65][73][73][69][6F]
[6E][20][6D][6F][64][75]
[6C][65][20][72][65][67]
[69][73][74][65]
[72][65][64][0D][0A]
[50]
[50][50][20][4D]
[50][50][45][20][43]
[6F][6D][70][72]
[65][73][73][69][6F]
[6E][20][6D][6F][64]
[75][6C]
[65][20][72][65][67]
[69][73][74][65]
[72][65][64][0D]
[0A][69][6D][78][2D][69][70]
[75][76][33][20][69][6D]
[78][2D][69][70][75][76]
[33][2E][30][3A][20][49][50]
[55][20][57][61]
[72][6E][69][6E][67][20]
[2D][20][49][50][55]
[5F]
[49][4E][54][5F][53][54]
[41][54][5F][31][30]
[20][3D][20][30][78]
[30][30][30]
[38][30][30][30]
[30][0D]
[0A][4E][45][54]
[3A][20][52][65][67]
[69][73][74][65][72][65][64]
[20][70][72][6F]
[74][6F][63][6F][6C]
[20][66][61][6D][69]
[6C][79][20][32]
[34][0D][0A]
[50][50][54][50]
[20][64][72][69]
[76][65][72][20]
[76][65][72][73][69]
[6F][6E][20][30][2E]
[38][2E][35][0D]
[0A]
[74][75][6E][3A][20][55][6E][69][76]
[65][72][73][61][6C][20][54]
[55][4E][2F][54]
[41][50][20][64]
[65][76][69][63][65]
[20][64][72][69]
[76][65][72][2C][20][31]
[2E][36][0D][0A]
[74]
[75][6E][3A][20][28][43]
[29][20][31][39]
[39][39][2D][32]
[30][30][34][20][4D]
[61][78][20][4B]
[72][61]
[73][6E][79][61][6E][73][6B]
[79][20][3C]
[6D][61][78][6B][40]
[71][75][61]
[6C][63][6F]
[6D][6D][2E][63]
[6F][6D][3E][0D][0A]
[65]
[68][63][69]
[5F][68][63]
[64][3A][20][55][53][42]
[20][32][2E][30]
[20][27][45][6E]
[68][61][6E][63][65]
[64][27][20]
[48][6F][73][74][20][43][6F]
[6E][74][72][6F][6C][6C]
[65][72]
[20][28][45][48][43]
[49][29][20][44]
[72][69]
[76][65][72][0D][0A]
[61][64][64]
[20][77][61][6B][65][20]
[75][70][20][73][6F]
[75][72][63][65][20][69]
[72][71][20][37][32]
[0D][0A][66][73][6C]
[2D][65][68][63][69]
[20][66][73][6C][2D][65]
[68][63][69][2E]
[31][3A][20]
[46][72][65][65][73][63]
[61][6C][65][20][4F][6E]
[2D][43][68][69][70][20]
[45][48][43][49][20]
[48][6F][73][74][20]
[43][6F][6E][74][72]
[6F][6C][6C][65][72][0D]
[0A][66][73][6C][2D][65][68]
[63][69][20][66]
[73][6C][2D][65][68]
[63][69][2E]
[31][3A][20][6E]
[65][77][20]
[55][53][42]
[20]
[62][75][73][20]
[72][65][67]
[69][73][74]
[65][72]
[65][64][2C][20]
[61][73][73]
[69][67][6E]
[65][64][20]
[62][75][73][20][6E][75][6D]
[62][65][72]
[20][31][0D][0A]
[66]
[73][6C][2D][65][68][63]
[69][20][66][73][6C]
[2D][65][68][63][69][2E][31]
[3A][20][69]
[72][71][20][37]
[32][2C][20]
[69][6F][20][62]
[61][73][65][20]
[30][78][30][32][31]
[38][34][32]
[30][30][0D][0A]
[66]
[73][6C][2D][65][68][63][69][20]
[66][73][6C]
[2D][65][68][63][69]
[2E][31][3A]
[20][55][53][42]
[20][32][2E][30][20]
[73][74][61][72]
[74][65][64][2C][20]
[45][48][43][49][20]
[31][2E][30][30]
[0D][0A]
[68]
[75][62][20][31]
[2D][30][3A][31][2E][30]
[3A][20]
[55][53][42][20][68]
[75][62][20][66][6F]
[75][6E][64][0D]
[0A][68][75][62]
[20][31][2D][30][3A]
[31][2E][30][3A][20][31][20][70]
[6F]
[72][74][20][64][65][74][65][63]
[74][65][64][0D]
[0A]
[75][73][62][63][6F]
[72][65][3A][20][72][65][67][69][73]
[74][65][72]
[65][64][20][6E][65][77]
[20][69][6E][74]
[65][72][66][61]
[63][65][20][64][72]
[69][76][65]
[72][20][63]
[64][63][5F][61][63]
[6D][0D][0A]
[63][64][63][5F]
[61][63][6D][3A][20]
[55][53][42][20]
[41][62]
[73][74][72][61][63][74][20]
[43][6F][6E][74][72][6F][6C][20]
[4D][6F][64][65][6C][20]
[64][72][69][76][65][72][20][66][6F][72][20]
[55][53][42][20][6D][6F][64][65][6D][73][20]
[61][6E][64][20][49][53][44][4E][20][61][64]
[61][70][74][65][72][73][0D][0A]
[49][6E][69][74][69]
[61][6C][69][7A]
[69][6E][67][20]
[55][53][42]
[20][4D][61][73][73][20]
[53][74][6F][72][61][67]
[65][20][64][72]
[69][76][65][72]
[2E][2E][2E][0D][0A][75]
[73][62][63][6F]
[72][65][3A][20][72]
[65][67][69][73][74][65]
[72][65][64]
[20][6E][65][77][20][69][6E][74][65][72]
[66][61][63][65][20][64]
[72][69][76][65][72][20][75]
[73][62][2D][73][74][6F]
[72][61][67][65]
[0D][0A][55][53]
[42][20][4D][61][73]
[73][20][53]
[74][6F][72]
[61][67][65][20]
[73][75][70][70]
[6F][72][74][20]
[72][65][67]
[69][73][74][65][72]
[65]
[64][2E][0D][0A]
[75]
[73][62][63]
[6F][72][65][3A][20][72]
[65][67][69][73][74][65]
[72][65][64][20]
[6E][65][77]
[20][69][6E][74]
[65][72]
[66][61][63][65][20]
[64][72][69][76][65]
[72][20][75][73]
[62][73][65][72]
[69][61][6C]
[0D][0A][75][73]
[62][73][65][72][69]
[61][6C][3A]
[20][55][53][42]
[20][53][65][72]
[69][61][6C]
[20][44][72][69][76][65]
[72][20][63][6F][72][65]
[0D][0A][55][53][42][20]
[53][65][72][69][61]
[6C][20][73][75]
[70][70][6F][72][74][20]
[72][65][67][69]
[73][74][65][72][65][64]
[20][66][6F][72]
[20][47][53][4D][20][6D][6F][64][65]
[6D][20][28][31][2D][70][6F][72]
[74][29][0D]
[0A][75][73][62][63]
[6F][72][65][3A][20][72][65]
[67][69][73][74][65][72][65][64]
[20][6E][65][77][20][69]
[6E][74][65][72]
[66][61][63]
[65][20][64][72][69][76][65]
[72][20][6F][70]
[74][69][6F][6E][0D]
[0A][6F][70][74]
[69][6F][6E][3A][20]
[76][30][2E][37][2E][32]
[3A][55][53]
[42][20][44][72][69][76]
[65][72][20]
[66][6F]
[72][20][47][53][4D]
[20][6D][6F]
[64][65][6D][73]
[0D][0A][55]
[53][42][20][53]
[65][72][69]
[61][6C][20][73][75][70]
[70][6F][72]
[74][20][72]
[65][67][69][73][74][65][72]
[65][64][20][66]
[6F][72][20][51]
[75][61][6C][63][6F]
[6D][6D][20]
[55][53][42][20]
[6D][6F][64][65][6D][0D][0A]
[75][73][62]
[63][6F][72][65]
[3A][20][72]
[65][67][69][73][74][65]
[72][65][64][20][6E][65]
[77][20][69][6E][74][65][72]
[66][61][63][65]
[20][64][72][69]
[76][65][72][20][71][63]
[73][65][72][69]
[61][6C][0D]
[0A][41][52][43]
[20][55][53][42][4F][54]
[47][20][44][65][76][69]
[63]
[65][20][43][6F][6E][74]
[72][6F][6C][6C]
[65][72]
[20][64][72][69][76][65]
[72][20][28][31]
[20]
[41][75][67][75][73][74]
[20][32][30]
[30][35][29]
[0D][0A]
[6D]
[6F][75][73][65]
[64][65][76][3A]
[20][50][53][2F][32][20]
[6D][6F][75][73]
[65][20][64][65]
[76][69][63][65][20]
[63][6F][6D]
[6D][6F][6E]
[20][66][6F][72]
[20][61][6C][6C]
[20][6D][69][63]
[65][0D][0A]
[69]
[6E][70]
[75][74][3A][20][67]
[70][69][6F][2D]
[6B][65][79][73][20][61]
[73][20][2F][64]
[65]
[76][69][63][65][73][2F][70][6C]
[61][74][66][6F]
[72][6D][2F][67][70][69][6F][2D][6B]
[65][79][73][2F][69][6E][70][75]
[74][2F][69][6E][70]
[75][74][30]
[0D][0A]
[69]
[6E][70][75][74]
[3A][20][6D][61][78][31][31]
[38][30][31][5F][74]
[73][20][61][73][20]
[2F][64][65]
[76][69][63]
[65][73][2F][70][6C][61]
[74][66][6F]
[72][6D][2F]
[69][6D][78][2D][69]
[32][63][2E][31][2F]
[69]
[32][63][2D][31]
[2F][31][2D][30][30]
[34][38][2F]
[69][6E]
[70][75][74][2F][69][6E]
[70][75][74][31][0D]
[0A]
[69]
[32][63][2D][63]
[6F][72][65][3A][20][64][72]
[69][76][65][72][20][5B]
[69][73][6C][32]
[39][30][32][33][5D]
[20][75][73]
[69][6E][67][20][6C]
[65][67][61][63][79][20]
[73][75][73][70][65][6E]
[64][20][6D][65]
[74][68][6F][64]
[0D][0A][69][32][63]
[2D][63][6F][72]
[65][3A][20][64]
[72][69][76]
[65][72][20][5B]
[69][73][6C]
[32][39][30][32][33]
[5D][20][75][73]
[69][6E]
[67][20][6C][65][67]
[61][63][79][20]
[72][65][73]
[75][6D][65][20][6D]
[65][74][68][6F]
[64][0D]
[0A]
[75]
[73][69][6E]
[67][20][72][74][63][20]
[64][65][76]
[69][63][65]
[2C][20][73][6E][76][73]
[5F][72][74][63][2C][20]
[66][6F][72][20][61]
[6C][61][72][6D][73][0D]
[0A][73][6E][76]
[73][5F][72][74][63][20][73]
[6E][76][73][5F]
[72][74][63][2E][30]
[3A][20][72]
[74][63][20][63][6F]
[72][65][3A][20][72]
[65]
[67][69][73][74][65][72]
[65][64][20][73]
[6E][76][73][5F]
[72][74][63]
[20][61][73][20][72]
[74][63][30]
[0D][0A]
[69][32][63][20]
[2F][64][65][76][20][65]
[6E][74][72][69]
[65][73][20]
[64][72][69][76]
[65][72][0D]
[0A]
[4C]
[69][6E][75][78]
[20][76][69][64][65][6F][20]
[63][61][70][74][75]
[72][65]
[20][69][6E][74][65]
[72][66][61][63]
[65][3A][20][76]
[32][2E][30][30][0D]
[0A]
[6D][78][63][5F]
[76][34][6C][32]
[5F][6F][75][74][70][75][74][20]
[6D][78][63][5F]
[76][34][6C][32][5F][6F]
[75][74][70][75]
[74]
[2E][30][3A][20][56][34]
[4C][32][20][64]
[65][76]
[69][63][65][20][72][65]
[67][69][73][74]
[65][72][65][64]
[20][61][73][20][76]
[69][64][65][6F]
[31][36][0D][0A]
